{
 "cells": [
  {
   "cell_type": "markdown",
   "metadata": {},
   "source": [
    "### Universal Functions\n",
    "\n",
    "for more information: http://docs.scipy.org/doc/numpy/reference/ufuncs.html"
   ]
  },
  {
   "cell_type": "code",
   "execution_count": 1,
   "metadata": {
    "collapsed": true
   },
   "outputs": [],
   "source": [
    "import numpy as np"
   ]
  },
  {
   "cell_type": "code",
   "execution_count": 2,
   "metadata": {
    "collapsed": true
   },
   "outputs": [],
   "source": [
    "# truncated binomial: returns (x+1)**3 - (x)**3\n",
    "def truncated_binomial(x):\n",
    "    return (x+1)**3 - (x)**3"
   ]
  },
  {
   "cell_type": "code",
   "execution_count": 3,
   "metadata": {
    "collapsed": true
   },
   "outputs": [],
   "source": [
    "np.testing.assert_equal(truncated_binomial(4),61)"
   ]
  },
  {
   "cell_type": "code",
   "execution_count": 4,
   "metadata": {},
   "outputs": [
    {
     "data": {
      "text/plain": [
       "<ufunc '? (vectorized)'>"
      ]
     },
     "execution_count": 4,
     "metadata": {},
     "output_type": "execute_result"
    }
   ],
   "source": [
    "my_numpy_function = np.frompyfunc(truncated_binomial, 1, 1)\n",
    "my_numpy_function"
   ]
  },
  {
   "cell_type": "code",
   "execution_count": 5,
   "metadata": {
    "collapsed": true
   },
   "outputs": [],
   "source": [
    "test_array = np.arange(10)"
   ]
  },
  {
   "cell_type": "code",
   "execution_count": 6,
   "metadata": {},
   "outputs": [
    {
     "data": {
      "text/plain": [
       "array([1, 7, 19, 37, 61, 91, 127, 169, 217, 271], dtype=object)"
      ]
     },
     "execution_count": 6,
     "metadata": {},
     "output_type": "execute_result"
    }
   ],
   "source": [
    "my_numpy_function(test_array)"
   ]
  },
  {
   "cell_type": "code",
   "execution_count": 7,
   "metadata": {},
   "outputs": [
    {
     "data": {
      "text/plain": [
       "array([[ 0,  0,  0,  0,  0,  0,  0,  0,  0,  0],\n",
       "       [ 0,  1,  2,  3,  4,  5,  6,  7,  8,  9],\n",
       "       [ 0,  2,  4,  6,  8, 10, 12, 14, 16, 18],\n",
       "       [ 0,  3,  6,  9, 12, 15, 18, 21, 24, 27],\n",
       "       [ 0,  4,  8, 12, 16, 20, 24, 28, 32, 36],\n",
       "       [ 0,  5, 10, 15, 20, 25, 30, 35, 40, 45],\n",
       "       [ 0,  6, 12, 18, 24, 30, 36, 42, 48, 54],\n",
       "       [ 0,  7, 14, 21, 28, 35, 42, 49, 56, 63],\n",
       "       [ 0,  8, 16, 24, 32, 40, 48, 56, 64, 72],\n",
       "       [ 0,  9, 18, 27, 36, 45, 54, 63, 72, 81]])"
      ]
     },
     "execution_count": 7,
     "metadata": {},
     "output_type": "execute_result"
    }
   ],
   "source": [
    "big_test_array = np.outer(test_array, test_array)\n",
    "big_test_array"
   ]
  },
  {
   "cell_type": "code",
   "execution_count": 8,
   "metadata": {},
   "outputs": [
    {
     "data": {
      "text/plain": [
       "array([[1, 1, 1, 1, 1, 1, 1, 1, 1, 1],\n",
       "       [1, 7, 19, 37, 61, 91, 127, 169, 217, 271],\n",
       "       [1, 19, 61, 127, 217, 331, 469, 631, 817, 1027],\n",
       "       [1, 37, 127, 271, 469, 721, 1027, 1387, 1801, 2269],\n",
       "       [1, 61, 217, 469, 817, 1261, 1801, 2437, 3169, 3997],\n",
       "       [1, 91, 331, 721, 1261, 1951, 2791, 3781, 4921, 6211],\n",
       "       [1, 127, 469, 1027, 1801, 2791, 3997, 5419, 7057, 8911],\n",
       "       [1, 169, 631, 1387, 2437, 3781, 5419, 7351, 9577, 12097],\n",
       "       [1, 217, 817, 1801, 3169, 4921, 7057, 9577, 12481, 15769],\n",
       "       [1, 271, 1027, 2269, 3997, 6211, 8911, 12097, 15769, 19927]], dtype=object)"
      ]
     },
     "execution_count": 8,
     "metadata": {},
     "output_type": "execute_result"
    }
   ],
   "source": [
    "my_numpy_function(big_test_array)"
   ]
  }
 ],
 "metadata": {
  "kernelspec": {
   "display_name": "Python 3",
   "language": "python",
   "name": "python3"
  },
  "language_info": {
   "codemirror_mode": {
    "name": "ipython",
    "version": 3
   },
   "file_extension": ".py",
   "mimetype": "text/x-python",
   "name": "python",
   "nbconvert_exporter": "python",
   "pygments_lexer": "ipython3",
   "version": "3.6.3"
  }
 },
 "nbformat": 4,
 "nbformat_minor": 1
}
